1493888668 Thu 04May17 09:04:28   17  173  199   33   71   1108   5493 
1493888735 Thu 04May17 09:05:35   23  146  202   36   68    916   5493 
1493888800 Thu 04May17 09:06:40   22  114  205   38   64    949   5493 
1493888865 Thu 04May17 09:07:45   15   91  208   41   60   1182   5493 
1493888933 Thu 04May17 09:08:53    9   77  211   43   55   1539   5493 
1493889002 Thu 04May17 09:10:02    4   69  214   45   50   1958   5493 
1493889059 Thu 04May17 09:10:59    0   65  217   47   46   2321   5493 
1493894293 Thu 04May17 10:38:13    5  254  202   36   91   1840   5494 
1493894362 Thu 04May17 10:39:22   11  259  205   39   87   1382   5494 
1493894431 Thu 04May17 10:40:31   21  269  208   41   83    963   5494 
1493894496 Thu 04May17 10:41:36   36  295  211   43   78    656   5494 
1493894553 Thu 04May17 10:42:33   42  345  214   45   74    592   5494 
1493894606 Thu 04May17 10:43:26   30   21  216   47   70    756   5494 
1493894668 Thu 04May17 10:44:28   18   37  219   48   65   1086   5494 
1493894735 Thu 04May17 10:45:35    9   45  222   50   59   1507   5494 
1493894804 Thu 04May17 10:46:44    3   50  225   51   52   1966   5494 
1493894856 Thu 04May17 10:47:36    0   52  228   51   47   2321   5494 
1493900150 Thu 04May17 12:15:50    4  294  215   47   94   1908   5495 
1493900219 Thu 04May17 12:16:59    9  306  219   48   89   1548   5495 
1493900288 Thu 04May17 12:18:08   13  323  222   50   82   1277   5495 
1493900357 Thu 04May17 12:19:17   16  347  225   51   76   1156   5495 
1493900424 Thu 04May17 12:20:24   14   12  228   52   69   1224   5495 
1493900492 Thu 04May17 12:21:32   10   31  231   52   63   1454   5495 
1493900561 Thu 04May17 12:22:41    5   44  234   52   56   1790   5495 
1493900631 Thu 04May17 12:23:51    1   52  238   51   49   2183   5495 
1493900653 Thu 04May17 12:24:13    0   54  239   51   47   2319   5495 
1493905994 Thu 04May17 13:53:14    4  314  229   52   92   1904   5496 
1493906064 Thu 04May17 13:54:24    9  325  232   52   85   1538   5496 
1493906133 Thu 04May17 13:55:33   14  342  235   52   78   1257   5496 
1493906201 Thu 04May17 13:56:41   17    7  238   51   71   1127   5496 
1493906268 Thu 04May17 13:57:48   15   32  241   50   65   1189   5496 
1493906336 Thu 04May17 13:58:56   11   52  244   48   59   1417   5496 
1493906405 Thu 04May17 14:00:05    6   65  247   46   53   1753   5496 
1493906474 Thu 04May17 14:01:14    2   73  251   44   48   2148   5496 
1493906502 Thu 04May17 14:01:42    0   76  252   43   46   2314   5496 
1493911789 Thu 04May17 15:29:49    5  310  239   50   92   1839   5497 
1493911858 Thu 04May17 15:30:58   11  314  243   49   85   1374   5497 
1493911927 Thu 04May17 15:32:07   22  323  246   47   79    941   5497 
1493911992 Thu 04May17 15:33:12   40  346  249   46   74    611   5497 
1493912046 Thu 04May17 15:34:06   49   42  251   44   70    525   5497 
1493912093 Thu 04May17 15:34:53   36   81  253   42   67    656   5497 
1493912150 Thu 04May17 15:35:50   21   99    0   40   63    959   5498 
1493912215 Thu 04May17 15:36:55   11  107    3   38   59   1371   5498 
1493912284 Thu 04May17 15:38:04    5  111    6   35   55   1829   5498 
1493912353 Thu 04May17 15:39:13    0  113    9   32   51   2301   5498 
1493917591 Thu 04May17 17:06:31    4  286  251   44   94   1880   5498 
1493917660 Thu 04May17 17:07:40    9  276  254   42   89   1488   5498 
1493917729 Thu 04May17 17:08:49   15  259    1   39   85   1179   5499 
1493917797 Thu 04May17 17:09:57   19  234    4   37   81   1025   5499 
1493917863 Thu 04May17 17:11:03   17  206    7   34   77   1081   5499 
1493917929 Thu 04May17 17:12:09   12  185   10   31   74   1318   5499 
1493917997 Thu 04May17 17:13:17    7  172   13   28   70   1668   5499 
1493918066 Thu 04May17 17:14:26    2  164   16   24   67   2078   5499 
1493918102 Thu 04May17 17:15:02    0  161   18   23   66   2299   5499 
1493918102 Thu 04May17 17:15:02    0  161   18   23   66   2299   5499 


